chrom	length	bases	mean	min	max
NC_000913.3	4641652	94	0.00	0	1
NC_000913.3_region	6747	0	0.00	0	0
NC_002488.3	2679306	121	0.00	0	3
NC_002488.3_region	3775	95	0.03	0	3
NC_002505.1	2961149	325	0.00	0	4
NC_002505.1_region	7390	226	0.03	0	4
NC_002516.2	6264404	193	0.00	0	3
NC_002516.2_region	4945	24	0.00	0	1
NC_002737.2	1852433	94	0.00	0	3
NC_002737.2_region	4506	0	0.00	0	0
NC_002663.1	2257487	125	0.00	0	4
NC_002663.1_region	4481	0	0.00	0	0
NC_002946.2	2153922	400	0.00	0	5
NC_002946.2_region	4307	0	0.00	0	0
NC_002662.1	2365589	95	0.00	0	2
NC_002662.1_region	4748	0	0.00	0	0
NC_003028.3	2160842	71	0.00	0	2
NC_003028.3_region	4376	0	0.00	0	0
NC_004337.2	4607202	122	0.00	0	1
NC_004337.2_region	7572	0	0.00	0	0
NC_003197.2	4857450	24	0.00	0	1
NC_003197.2_region	6536	0	0.00	0	0
NC_003047.1	3654135	798	0.00	0	5
NC_003047.1_region	4065	123	0.03	0	1
NC_006526.2	2056363	6015	0.00	0	185
NC_006526.2_region	3990	4488	1.12	0	185
NC_003317.1	2117144	311	0.00	0	4
NC_003317.1_region	3126	73	0.02	0	2
NC_003318.1	1177787	269	0.00	0	2
NC_003318.1_region	1100	125	0.11	0	2
NC_003902.1	5076188	100	0.00	0	1
NC_003902.1_region	4234	52	0.01	0	1
NC_003919.1	5175554	23	0.00	0	1
NC_003919.1_region	4169	0	0.00	0	0
NC_004116.1	2160267	73	0.00	0	1
NC_004116.1_region	6021	0	0.00	0	0
NC_004350.2	2032925	121	0.00	0	2
NC_004350.2_region	4913	0	0.00	0	0
NC_004310.3	2107794	243	0.00	0	2
NC_004310.3_region	3201	23	0.01	0	1
NC_004311.2	1207381	260	0.00	0	6
NC_004311.2_region	1100	24	0.02	0	1
NC_002947.4	6181873	200	0.00	0	2
NC_002947.4_region	5780	25	0.00	0	1
NC_002950.2	2343476	116	0.00	0	2
NC_002950.2_region	4008	0	0.00	0	0
NC_004461.1	2499279	516	0.00	0	15
NC_004461.1_region	4727	345	0.07	0	15
NC_002971.4	1995488	142	0.00	0	3
NC_002971.4_region	3799	72	0.02	0	2
NC_004668.1	3218031	72	0.00	0	1
NC_004668.1_region	5084	0	0.00	0	0
NC_004722.1	5411809	2016	0.00	0	25
NC_004722.1_region	8167	1706	0.21	0	25
NC_003997.3	5227293	1572	0.00	0	25
NC_003997.3_region	7313	1334	0.18	0	25
NC_005042.1	1751080	266	0.00	0	4
NC_005042.1_region	2966	25	0.01	0	1
NC_006142.1	1111496	340	0.00	0	8
NC_006142.1_region	2592	192	0.07	0	8
NC_005362.1	1992676	464	0.00	0	4
NC_005362.1_region	5893	24	0.00	0	1
NC_005835.1	1894877	120	0.00	0	1
NC_005835.1_region	3706	0	0.00	0	0
NC_006932.1	2124241	500	0.00	0	4
NC_006932.1_region	3200	242	0.08	0	4
NC_006933.1	1162204	96	0.00	0	2
NC_006933.1_region	1100	50	0.05	0	1
NC_006085.1	2560265	429	0.00	0	9
NC_006085.1_region	3431	25	0.01	0	1
NC_006360.1	892758	4966	0.01	0	199
NC_006360.1_region	2461	0	0.00	0	0
NC_002942.5	3397754	100	0.00	0	1
NC_002942.5_region	3437	23	0.01	0	1
NC_005957.1	5237682	2131	0.00	0	33
NC_005957.1_region	8090	1847	0.23	0	33
NC_000915.1	1667867	117	0.00	0	2
NC_000915.1_region	2837	23	0.01	0	1
NC_001318.1	910724	169	0.00	0	6
NC_001318.1_region	2435	0	0.00	0	0
NC_000922.1	1230230	25	0.00	0	1
NC_000922.1_region	2893	25	0.01	0	1
NC_003030.1	3940880	644	0.00	0	4
NC_003030.1_region	5650	0	0.00	0	0
NC_003112.2	2272360	550	0.00	0	4
NC_003112.2_region	4622	50	0.01	0	1
NC_007929.1	1827111	653	0.00	0	6
NC_007929.1_region	5757	0	0.00	0	0
NC_010816.1	2375792	173	0.00	0	1
NC_010816.1_region	4495	0	0.00	0	0
NC_006570.2	1892775	280	0.00	0	10
NC_006570.2_region	2984	230	0.08	0	10
NC_000964.3	4215606	220	0.00	0	3
NC_000964.3_region	6646	26	0.00	0	1
NC_003143.1	4653728	51	0.00	0	1
NC_003143.1_region	5424	0	0.00	0	0
NC_002163.1	1641481	23	0.00	0	1
NC_002163.1_region	3388	0	0.00	0	0
NC_003295.1	3716413	150	0.00	0	1
NC_003295.1_region	4235	0	0.00	0	0
NC_003296.1	2094509	100	0.00	0	1
NC_003296.1_region	392	25	0.06	0	1
NC_008380.1	5057142	650	0.00	0	3
NC_008380.1_region	4079	178	0.04	0	3
NC_008800.1	4615899	26	0.00	0	1
NC_008800.1_region	6265	0	0.00	0	0
NC_002528.1	640681	48	0.00	0	1
NC_002528.1_region	2380	0	0.00	0	0
NC_002745.2	2814816	378	0.00	0	10
NC_002745.2_region	4711	230	0.05	0	10
NC_003366.1	3031430	1412	0.00	0	12
NC_003366.1_region	7514	554	0.07	0	12
NC_006347.1	5277274	143	0.00	0	1
NC_006347.1_region	5645	0	0.00	0	0
NC_006576.1	2696255	555	0.00	0	11
NC_006576.1_region	3400	146	0.04	0	2
NC_012490.1	6516310	49	0.00	0	1
NC_012490.1_region	4092	0	0.00	0	0
NC_010296.1	5842795	98	0.00	0	1
NC_010296.1_region	3189	25	0.01	0	1
NC_012891.1	2106340	49	0.00	0	1
NC_012891.1_region	4293	0	0.00	0	0
NC_013209.1	2907495	845	0.00	0	3
NC_013209.1_region	4445	198	0.04	0	3
NC_006350.1	4074542	175	0.00	0	1
NC_006350.1_region	4167	0	0.00	0	0
NC_006351.1	3173005	123	0.00	0	2
NC_006351.1_region	651	0	0.00	0	0
NC_005791.1	1661137	96	0.00	0	2
NC_005791.1_region	3063	0	0.00	0	0
NC_006677.1	2702173	906	0.00	0	11
NC_006677.1_region	4398	98	0.02	0	1
NC_006348.1	3510148	247	0.00	0	3
NC_006348.1_region	3685	77	0.02	0	1
NC_006349.2	2325379	151	0.00	0	2
NC_006349.2_region	804	0	0.00	0	0
NC_006449.1	1796226	71	0.00	0	1
NC_006449.1_region	5050	0	0.00	0	0
NC_002936.3	1469720	363	0.00	0	13
NC_002936.3_region	3603	0	0.00	0	0
NC_007005.1	6093698	294	0.00	0	3
NC_007005.1_region	5005	121	0.02	0	3
NC_004129.6	7074893	126	0.00	0	1
NC_004129.6_region	5460	0	0.00	0	0
NC_007651.1	3809201	168	0.00	0	2
NC_007651.1_region	4119	0	0.00	0	0
NC_007650.1	2914771	26	0.00	0	1
NC_007650.1_region	577	0	0.00	0	0
NC_007492.2	6438405	25	0.00	0	1
NC_007492.2_region	5710	0	0.00	0	0
NC_007633.1	1010023	25	0.00	0	1
NC_007633.1_region	2351	0	0.00	0	0
NC_007797.1	1471282	150	0.00	0	3
NC_007797.1_region	2826	0	0.00	0	0
NC_007799.1	1176248	971	0.00	0	35
NC_007799.1_region	2852	825	0.29	0	35
NC_009434.1	4567418	49	0.00	0	1
NC_009434.1_region	4721	25	0.01	0	1
NC_008508.1	3614446	73	0.00	0	1
NC_008508.1_region	2820	0	0.00	0	0
NC_009850.1	2341251	50	0.00	0	1
NC_009850.1_region	4238	0	0.00	0	0
NC_008531.1	2038396	257	0.00	0	4
NC_008531.1_region	5324	0	0.00	0	0
NC_008526.1	2895264	394	0.00	0	7
NC_008526.1_region	4442	0	0.00	0	0
NC_008570.1	4744448	177	0.00	0	1
NC_008570.1_region	9862	25	0.00	0	1
NC_008599.1	1773615	49	0.00	0	1
NC_008599.1_region	3458	0	0.00	0	0
NC_010080.1	2080931	253	0.00	0	5
NC_010080.1_region	4612	0	0.00	0	0
NC_009725.2	3918596	72	0.00	0	1
NC_009725.2_region	6786	0	0.00	0	0
NC_009052.1	5127376	100	0.00	0	1
NC_009052.1_region	8325	25	0.00	0	1
NC_009012.1	3843301	301	0.00	0	8
NC_009012.1_region	4391	208	0.05	0	8
NC_009053.1	2274482	52	0.00	0	1
NC_009053.1_region	4874	0	0.00	0	0
NC_009049.1	3147721	285	0.00	0	6
NC_009049.1_region	3115	138	0.04	0	6
NC_009050.1	1219053	395	0.00	0	3
NC_009050.1_region	1247	25	0.02	0	1
NC_009648.1	5315120	25	0.00	0	1
NC_009648.1_region	6747	0	0.00	0	0
NC_009439.1	5072807	47	0.00	0	1
NC_009439.1_region	5150	24	0.00	0	1
NC_009513.1	1999618	583	0.00	0	5
NC_009513.1_region	5130	49	0.01	0	1
NC_009617.1	6000632	1251	0.00	0	7
NC_009617.1_region	7328	24	0.00	0	1
NC_010263.3	1268201	771	0.00	0	15
NC_010263.3_region	2666	598	0.22	0	15
NC_009778.1	4368373	24	0.00	0	1
NC_009778.1_region	6510	0	0.00	0	0
NC_012587.1	3925702	799	0.00	0	4
NC_012587.1_region	4253	300	0.07	0	4
NC_010172.1	5471154	578	0.00	0	3
NC_010172.1_region	4530	73	0.02	0	3
NC_012039.1	1525460	24	0.00	0	1
NC_012039.1_region	3974	24	0.01	0	1
NC_010682.1	3942557	195	0.00	0	2
NC_010682.1_region	4165	0	0.00	0	0
NC_010678.1	1302238	71	0.00	0	1
NC_010678.1_region	315	0	0.00	0	0
NC_011138.3	4480937	50	0.00	0	1
NC_011138.3_region	4702	0	0.00	0	0
NC_011134.1	2024171	167	0.00	0	2
NC_011134.1_region	4291	0	0.00	0	0
NC_012560.1	5365318	315	0.00	0	2
NC_012560.1_region	5004	47	0.01	0	1
NC_011835.1	1933695	48	0.00	0	1
NC_011835.1_region	3933	0	0.00	0	0
NC_011852.1	2269156	76	0.00	0	1
NC_011852.1_region	4401	0	0.00	0	0
NC_012791.1	5626353	935	0.00	0	6
NC_012791.1_region	3621	219	0.06	0	6
NC_012917.1	4862913	69	0.00	0	1
NC_012917.1_region	6127	23	0.00	0	1
NC_013956.2	4703373	69	0.00	0	1
NC_013956.2_region	5554	0	0.00	0	0
NC_014103.1	5097447	3096	0.00	0	39
NC_014103.1_region	8857	2811	0.32	0	39
NC_013198.1	3010111	417	0.00	0	5
NC_013198.1_region	4296	0	0.00	0	0
NC_013798.1	2350911	120	0.00	0	1
NC_013798.1_region	5372	0	0.00	0	0
NC_000907.1	1830138	47	0.00	0	1
NC_000907.1_region	4484	0	0.00	0	0
NC_004459.3	3281866	47	0.00	0	1
NC_004459.3_region	7676	0	0.00	0	0
NC_006155.1	4744671	118	0.00	0	1
NC_006155.1_region	6789	0	0.00	0	0
NC_008054.1	1864998	672	0.00	0	5
NC_008054.1_region	7163	48	0.01	0	1
NC_009480.1	3297891	150	0.00	0	2
NC_009480.1_region	3444	0	0.00	0	0
NC_009488.1	2127051	352	0.00	0	10
NC_009488.1_region	2674	279	0.10	0	10
NC_009495.1	3886916	695	0.00	0	6
NC_009495.1_region	6243	0	0.00	0	0
NC_009613.3	2860382	190	0.00	0	2
NC_009613.3_region	3695	0	0.00	0	0
NC_010397.1	5067172	24	0.00	0	1
NC_010397.1_region	3628	0	0.00	0	0
NC_010943.1	4851126	122	0.00	0	2
NC_010943.1_region	5795	0	0.00	0	0
NC_014215.1	2616384	99	0.00	0	1
NC_014215.1_region	3429	0	0.00	0	0
NC_007761.1	4381608	863	0.00	0	6
NC_007761.1_region	3903	125	0.03	0	2
NC_004342.2	4338762	74	0.00	0	1
NC_004342.2_region	2820	0	0.00	0	0
NC_004829.2	1012800	24	0.00	0	1
NC_004829.2_region	2492	0	0.00	0	0
NC_014329.2	2337241	48	0.00	0	2
NC_014329.2_region	3661	0	0.00	0	0
NC_014330.1	2586443	26	0.00	0	1
NC_014330.1_region	2598	0	0.00	0	0
NC_014448.1	839615	2105	0.00	0	87
NC_014448.1_region	2368	2030	0.86	0	87
NC_014483.2	5394883	363	0.00	0	3
NC_014483.2_region	7015	120	0.02	0	3
NC_014638.1	2214656	98	0.00	0	1
NC_014638.1_region	4063	0	0.00	0	0
NC_018632.1	4653851	285	0.00	0	4
NC_018632.1_region	4048	96	0.02	0	4
NC_017960.1	2698137	95	0.00	0	2
NC_017960.1_region	4689	0	0.00	0	0
NC_014738.1	2155121	121	0.00	0	1
NC_014738.1_region	3030	48	0.02	0	1
NC_014760.1	1003404	151	0.00	0	2
NC_014760.1_region	2673	0	0.00	0	0
NC_002929.2	4086189	323	0.00	0	2
NC_002929.2_region	3997	50	0.01	0	1
NC_000963.1	1111523	601	0.00	0	19
NC_000963.1_region	2592	528	0.20	0	19
NC_002937.3	3570858	100	0.00	0	1
NC_002937.3_region	5284	0	0.00	0	0
NC_005296.1	5459213	508	0.00	0	3
NC_005296.1_region	3841	99	0.03	0	2
NC_002677.1	3268203	23	0.00	0	1
NC_002677.1_region	3418	0	0.00	0	0
NC_007355.1	4837408	24	0.00	0	1
NC_007355.1_region	4927	0	0.00	0	0
NC_000962.3	4411532	48	0.00	0	1
NC_000962.3_region	3385	0	0.00	0	0
NC_004603.1	3288558	71	0.00	0	1
NC_004603.1_region	8861	0	0.00	0	0
NC_006958.1	3282708	196	0.00	0	2
NC_006958.1_region	4459	0	0.00	0	0
NC_009348.1	4702402	96	0.00	0	1
NC_009348.1_region	8475	0	0.00	0	0
NC_014318.1	10236715	123	0.00	0	1
NC_014318.1_region	4166	0	0.00	0	0
NC_008542.1	3483902	1108	0.00	0	30
NC_008542.1_region	4706	715	0.15	0	30
NC_008543.1	2998664	150	0.00	0	3
NC_008543.1_region	611	0	0.00	0	0
NC_008544.1	1055417	76	0.00	0	1
NC_008544.1_region	153	0	0.00	0	0
NC_015408.1	1106197	25	0.00	0	1
NC_015408.1_region	2893	0	0.00	0	0
NC_017218.1	2327492	119	0.00	0	1
NC_017218.1_region	4007	0	0.00	0	0
NC_015567.1	5442880	73	0.00	0	1
NC_015567.1_region	6787	0	0.00	0	0
NC_015683.1	2606374	95	0.00	0	2
NC_015683.1_region	3873	0	0.00	0	0
NC_015634.1	3073079	318	0.00	0	2
NC_015634.1_region	5584	73	0.01	0	1
NC_015690.1	8663821	366	0.00	0	4
NC_015690.1_region	8536	124	0.01	0	4
NC_017238.1	903609	144	0.00	0	5
NC_017238.1_region	2438	0	0.00	0	0
NC_016610.1	3405521	72	0.00	0	1
NC_016610.1_region	3492	0	0.00	0	0
NC_017717.1	905534	216	0.00	0	8
NC_017717.1_region	2436	0	0.00	0	0
NZ_CP023402.1	4093812	370	0.00	0	2
NZ_CP023402.1_region	4041	100	0.02	0	1
NC_016612.1	5974109	48	0.00	0	1
NC_016612.1_region	6589	0	0.00	0	0
NC_017765.1	10145833	273	0.00	0	2
NC_017765.1_region	5541	78	0.01	0	2
NC_015761.1	4460105	26	0.00	0	1
NC_015761.1_region	6923	0	0.00	0	0
NC_017595.1	2210574	165	0.00	0	3
NC_017595.1_region	5123	24	0.00	0	1
NC_016802.1	2468612	241	0.00	0	2
NC_016802.1_region	3920	0	0.00	0	0
NC_016946.1	5402402	25	0.00	0	1
NC_016946.1_region	3510	0	0.00	0	0
NC_018513.1	3463655	151	0.00	0	2
NC_018513.1_region	4251	0	0.00	0	0
NC_018631.1	1893499	277	0.00	0	4
NC_018631.1_region	5028	0	0.00	0	0
NC_018073.1	1933610	100	0.00	0	1
NC_018073.1_region	5103	0	0.00	0	0
NC_019567.1	3988594	189	0.00	0	3
NC_019567.1_region	2769	0	0.00	0	0
NC_019382.1	5264383	222	0.00	0	2
NC_019382.1_region	4226	0	0.00	0	0
NC_020134.1	2974379	217	0.00	0	3
NC_020134.1_region	3762	72	0.02	0	3
NC_020211.1	5241455	177	0.00	0	3
NC_020211.1_region	6566	0	0.00	0	0
NZ_CP007159.1	3701221	425	0.00	0	3
NZ_CP007159.1_region	4555	0	0.00	0	0
NC_020515.1	2407846	99	0.00	0	1
NC_020515.1_region	4493	0	0.00	0	0
NC_020834.2	2544094	123	0.00	0	1
NC_020834.2_region	4787	0	0.00	0	0
NC_021089.1	1295804	177	0.00	0	4
NC_021089.1_region	2630	0	0.00	0	0
NC_022239.1	2233640	46	0.00	0	1
NC_022239.1_region	4405	0	0.00	0	0
NC_022347.1	1673221	26	0.00	0	1
NC_022347.1_region	3462	0	0.00	0	0
NC_023134.1	4046337	358	0.00	0	3
NC_023134.1_region	6290	238	0.04	0	3
NZ_CP006943.1	2245238	149	0.00	0	1
NZ_CP006943.1_region	4872	0	0.00	0	0
NZ_CP008897.1	4633407	99	0.00	0	1
NZ_CP008897.1_region	6509	0	0.00	0	0
NZ_CP010905.2	4274782	404	0.00	0	3
NZ_CP010905.2_region	7045	0	0.00	0	0
NZ_CP013336.1	2424685	95	0.00	0	1
NZ_CP013336.1_region	3128	0	0.00	0	0
NZ_CP015137.1	4919833	24	0.00	0	1
NZ_CP015137.1_region	5877	0	0.00	0	0
NZ_AP014642.1	6176365	126	0.00	0	1
NZ_AP014642.1_region	5142	50	0.01	0	1
NZ_CP019683.1	1757292	77	0.00	0	1
NZ_CP019683.1_region	3682	0	0.00	0	0
NZ_CP039025.2	3955017	344	0.00	0	2
NZ_CP039025.2_region	5603	72	0.01	0	1
total	624795284	64182	0.00	0	199
total_region	839422	23601	0.03	0	185
